# Created by Octave 4.0.0, Mon Mar 21 19:58:28 2016 SAMT <noname@pleroma>
# name: A
# type: matrix
# rows: 3
# columns: 3
 6 -1 -1
 -1 6 -1
 -1 -1 6


# name: b
# type: matrix
# rows: 3
# columns: 1
 11.33
 32
 42


