# Created by Octave 4.0.0, Mon Mar 21 20:04:29 2016 SAMT <noname@pleroma>
# name: A
# type: matrix
# rows: 4
# columns: 4
 4 3 2 1
 3 6 4 2
 2 4 6 3
 1 2 3 4


# name: b
# type: matrix
# rows: 4
# columns: 1
 3
 6
 4
 7


