# Created by Octave 4.0.0, Mon Mar 21 20:02:01 2016 SAMT <noname@pleroma>
# name: A
# type: matrix
# rows: 3
# columns: 3
 2.74 -1.18 3.17
 1.12 0.83 2.16
 0.8100000000000001 1.27 0.76


# name: b
# type: matrix
# rows: 3
# columns: 1
 2.18
 -1.15
 3.23


