# Created by Octave 4.0.0, Mon Mar 21 20:15:21 2016 SAMT <noname@pleroma>
# name: A
# type: matrix
# rows: 3
# columns: 3
 1 2 1
 -1 -2 2
 0 1 1


# name: b
# type: matrix
# rows: 3
# columns: 1
 1
 1
 2


