# Created by Octave 4.0.0, Mon Mar 21 21:07:07 2016 SAMT <noname@pleroma>
# name: A
# type: matrix
# rows: 3
# columns: 3
 1.35 -0.72 1.38
 -0.72 1.45 -2.18
 1.38 -2.18 0.93


# name: b
# type: matrix
# rows: 3
# columns: 1
 0.88
 1.72
 -0.72


