# Created by Octave 4.0.0, Mon Mar 21 20:38:45 2016 SAMT <noname@pleroma>
# name: A
# type: matrix
# rows: 5
# columns: 5
 1 -3 -2 0 -2
 -3 4 -5 1 -3
 -2 -5 3 -2 2
 0 1 -2 5 3
 -2 -3 2 3 4


# name: b
# type: matrix
# rows: 5
# columns: 1
 0.5
 5.4
 5
 7.5
 3.3


