# Created by Octave 4.0.0, Mon Mar 21 20:42:31 2016 SAMT <noname@pleroma>
# name: A
# type: matrix
# rows: 3
# columns: 3
 2.56 0.67 -1.78
 0.67 -2.67 1.35
 -1.78 1.35 -0.55


# name: b
# type: matrix
# rows: 3
# columns: 1
 1.14
 0.66
 1.72


