# Created by Octave 4.0.0, Mon Mar 21 20:41:10 2016 SAMT <noname@pleroma>
# name: A
# type: matrix
# rows: 4
# columns: 4
 3 -5 -1 2
 -5 1 3 -4
 -1 3 1 -1
 2 -4 -1 3


# name: b
# type: matrix
# rows: 4
# columns: 1
 6
 -12
 1
 3


