# Created by Octave 4.0.0, Mon Mar 21 20:53:09 2016 SAMT <noname@pleroma>
# name: A
# type: matrix
# rows: 3
# columns: 3
 1.54 -0.75 1.36
 -0.75 0.87 -0.79
 1.36 -0.79 0.64


# name: b
# type: matrix
# rows: 3
# columns: 1
 2.45
 1.07
 0.54


