# Created by Octave 4.0.0, Thu Mar 24 14:31:55 2016 SAMT <noname@pleroma>
# name: A
# type: matrix
# rows: 3
# columns: 3
 3 3 1
 1 1 0
 0 1 0


# name: b
# type: matrix
# rows: 3
# columns: 1
 12
 3
 2


