# Created by Octave 4.0.0, Fri Apr 15 14:13:43 2016 SAMT <noname@pleroma>
# name: A
# type: matrix
# rows: 3
# columns: 3
 3 1 1
 1 3 1
 1 1 3


# name: b
# type: matrix
# rows: 3
# columns: 1
 8
 10
 12


