# Created by Octave 4.0.0, Thu Mar 24 00:28:57 2016 SAMT <noname@pleroma>
# name: A
# type: matrix
# rows: 3
# columns: 3
 4 0.24 -0.08
 0.09 3 -0.15
 0.04 -0.08 4


# name: b
# type: matrix
# rows: 3
# columns: 1
 8
 9
 20


