# Created by Octave 4.0.0, Thu Mar 31 13:47:38 2016 SAMT <noname@pleroma>
# name: A
# type: matrix
# rows: 3
# columns: 3
 10 1 1
 2 10 1
 2 2 10


# name: b
# type: matrix
# rows: 3
# columns: 1
 12
 13
 14


