# Created by Octave 4.0.0, Mon Mar 21 20:26:38 2016 SAMT <noname@pleroma>
# name: A
# type: matrix
# rows: 3
# columns: 3
 1.65 -1.76 0.77
 -1.76 1.04 -2.61
 0.77 -2.61 -3.18


# name: b
# type: matrix
# rows: 3
# columns: 1
 2.15
 0.82
 -0.73


