# Created by Octave 4.0.0, Mon Mar 21 20:21:17 2016 SAMT <noname@pleroma>
# name: A
# type: matrix
# rows: 4
# columns: 4
 7.9 5.6 5.7 -7.2
 8.5 4.8 0.8 3.5
 4.3 4.2 -3.2 9.300000000000001
 3.2 -1.4 -8.9 3.3


# name: b
# type: matrix
# rows: 4
# columns: 1
 6.68
 9.949999999999999
 8.6
 1


