# Created by Octave 4.0.0, Mon Mar 21 20:34:58 2016 SAMT <noname@pleroma>
# name: A
# type: matrix
# rows: 6
# columns: 6
 6.1818 0.1818 0.3141 0.1415 0.1516 0.2141
 0.1818 7.1818 0.2141 0.1815 0.1526 0.3114
 0.3141 0.2141 8.243499999999999 0.2114 0.2516 0.2618
 0.1415 0.1815 0.1244 9.3141 0.3145 0.6843
 0.1516 0.1526 0.2516 0.3145 5.3116 0.8998
 0.2141 0.3114 0.2618 0.6843 0.8998 4.1313


# name: b
# type: matrix
# rows: 6
# columns: 1
 7.1818
 8.243499999999999
 9.3141
 5.3116
 4.1313
 3.1816


