# Created by Octave 4.0.0, Mon Mar 21 20:17:57 2016 SAMT <noname@pleroma>
# name: A
# type: matrix
# rows: 4
# columns: 4
 1.1161 0.1254 0.1397 0.149
 0.1582 1.1675 0.1768 0.1871
 0.1968 0.2071 1.2168 0.2271
 0.2368 0.2471 0.2568 1.2671


# name: b
# type: matrix
# rows: 4
# columns: 1
 1.5471
 1.6471
 1.7471
 1.8471


