# Created by Octave 4.0.0, Mon Mar 21 20:29:08 2016 SAMT <noname@pleroma>
# name: A
# type: matrix
# rows: 3
# columns: 3
 0.53 -0.75 1.83
 -0.75 0.68 -1.19
 1.83 -1.19 2.15


# name: b
# type: matrix
# rows: 3
# columns: 1
 0.68
 0.95
 1.27


