# Created by Octave 4.0.0, Mon Mar 21 21:01:29 2016 SAMT <noname@pleroma>
# name: A
# type: matrix
# rows: 3
# columns: 3
 1.63 1.27 0.84
 1.27 0.65 1.27
 -0.84 1.27 -1.21


# name: b
# type: matrix
# rows: 3
# columns: 1
 1.51
 -0.63
 2.15


