# Created by Octave 4.0.0, Wed Mar 23 02:26:40 2016 SAMT <noname@pleroma>
# name: A
# type: matrix
# rows: 4
# columns: 4
 5 3 0 0
 3 6 1 0
 0 1 4 -2
 0 0 1 -3


# name: b
# type: matrix
# rows: 4
# columns: 1
 8
 10
 3
 -2


